1367.0
750
1 4798.5 1018.5 1
2 1155.0 787.5 1
3 2992.5 2635.5 1
4 5712.0 714.0 1
5 399.0 598.5 1
1 4021.5 1018.5 2
2 1585.5 1123.5 2
3 2940.0 3003.0 2
4 5817.0 1522.5 2
5 882.0 966.0 2
1 3370.5 1008.0 3
2 2079.0 1375.5 3
3 2940.0 3265.5 3
4 5817.0 2068.5 3
5 1365.0 1260.0 3
1 2656.5 1008.0 4
2 2184.0 1732.5 4
3 3234.0 3727.5 4
4 5533.5 2425.5 4
5 2488.5 2037.0 4
1 2079.0 1102.5 5
2 2341.5 2100.0 5
3 3517.5 4095.0 5
4 5439.0 2709.0 5
5 2625.0 2415.0 5
1 1533.0 1302.0 6
2 1680.0 2299.5 6
3 3076.5 4284.0 6
4 5397.0 3150.0 6
5 3034.5 2572.5 6
1 1071.0 1606.5 7
2 766.5 2226.0 7
3 2793.0 4536.0 7
4 5313.0 3486.0 7
5 3391.5 3045.0 7
1 798.0 2184.0 8
2 388.5 2824.5 8
3 2730.0 5071.5 8
5 3706.5 3675.0 8
1 808.5 3045.0 9
2 609.0 3948.0 9
3 2730.0 5523.0 9
5 4147.5 4116.0 9
1 682.5 3559.5 10
2 546.0 4567.5 10
3 2761.5 6037.5 10
5 4546.5 4420.5 10
1 630.0 4336.5 11
2 672.0 5229.0 11
5 4809.0 4788.0 11
1 840.0 4872.0 12
2 1690.5 4651.5 12
5 4977.0 5092.5 12
1 1564.5 5281.5 13
2 2898.0 4956.0 13
5 5344.5 5386.5 13
1 2142.0 5323.5 14
2 3811.5 5754.0 14
1 3192.0 5365.5 15
2 4819.5 5743.5 15
1 4389.0 5428.5 16
2 4620.0 5103.0 16
1 5061.0 5218.5 17
2 4609.5 4851.0 17
1 5218.5 4357.5 18
2 4777.5 4399.5 18
1 5208.0 3696.0 19
2 5334.0 3234.0 19
1 5124.0 2982.0 20
2 5019.0 2677.5 20
1 5124.0 2226.0 21
2 5460.0 2163.0 21
1 5124.0 1753.5 22
2 5775.0 1207.5 22
2 5481.0 703.5 23
1 4798.5 1018.5 1
2 1155.0 787.5 1
3 2992.5 2635.5 1
4 5712.0 714.0 1
5 399.0 598.5 1
1 4021.5 1018.5 2
2 1585.5 1123.5 2
3 2940.0 3003.0 2
4 5817.0 1522.5 2
5 882.0 966.0 2
1 3370.5 1008.0 3
2 2079.0 1375.5 3
3 2940.0 3265.5 3
4 5817.0 2068.5 3
5 1365.0 1260.0 3
1 2656.5 1008.0 4
2 2184.0 1732.5 4
3 3234.0 3727.5 4
4 5533.5 2425.5 4
5 2488.5 2037.0 4
1 2079.0 1102.5 5
2 2341.5 2100.0 5
3 3517.5 4095.0 5
4 5439.0 2709.0 5
5 2625.0 2415.0 5
1 1533.0 1302.0 6
2 1680.0 2299.5 6
3 3076.5 4284.0 6
4 5397.0 3150.0 6
5 3034.5 2572.5 6
1 1071.0 1606.5 7
2 766.5 2226.0 7
3 2793.0 4536.0 7
4 5313.0 3486.0 7
5 3391.5 3045.0 7
1 798.0 2184.0 8
2 388.5 2824.5 8
3 2730.0 5071.5 8
5 3706.5 3675.0 8
1 808.5 3045.0 9
2 609.0 3948.0 9
3 2730.0 5523.0 9
5 4147.5 4116.0 9
1 682.5 3559.5 10
2 546.0 4567.5 10
3 2761.5 6037.5 10
5 4546.5 4420.5 10
1 630.0 4336.5 11
2 672.0 5229.0 11
5 4809.0 4788.0 11
1 840.0 4872.0 12
2 1690.5 4651.5 12
5 4977.0 5092.5 12
1 1564.5 5281.5 13
2 2898.0 4956.0 13
5 5344.5 5386.5 13
1 2142.0 5323.5 14
2 3811.5 5754.0 14
1 3192.0 5365.5 15
2 4819.5 5743.5 15
1 4389.0 5428.5 16
2 4620.0 5103.0 16
1 5061.0 5218.5 17
2 4609.5 4851.0 17
1 5218.5 4357.5 18
2 4777.5 4399.5 18
1 5208.0 3696.0 19
2 5334.0 3234.0 19
1 5124.0 2982.0 20
2 5019.0 2677.5 20
1 5124.0 2226.0 21
2 5460.0 2163.0 21
1 5124.0 1753.5 22
2 5775.0 1207.5 22
2 5481.0 703.5 23
1 4798.5 1018.5 1
2 1155.0 787.5 1
3 2992.5 2635.5 1
4 5712.0 714.0 1
5 399.0 598.5 1
1 4021.5 1018.5 2
2 1585.5 1123.5 2
3 2940.0 3003.0 2
4 5817.0 1522.5 2
5 882.0 966.0 2
1 3370.5 1008.0 3
2 2079.0 1375.5 3
3 2940.0 3265.5 3
4 5817.0 2068.5 3
5 1365.0 1260.0 3
1 2656.5 1008.0 4
2 2184.0 1732.5 4
3 3234.0 3727.5 4
4 5533.5 2425.5 4
5 2488.5 2037.0 4
1 2079.0 1102.5 5
2 2341.5 2100.0 5
3 3517.5 4095.0 5
4 5439.0 2709.0 5
5 2625.0 2415.0 5
1 1533.0 1302.0 6
2 1680.0 2299.5 6
3 3076.5 4284.0 6
4 5397.0 3150.0 6
5 3034.5 2572.5 6
1 1071.0 1606.5 7
2 766.5 2226.0 7
3 2793.0 4536.0 7
4 5313.0 3486.0 7
5 3391.5 3045.0 7
1 798.0 2184.0 8
2 388.5 2824.5 8
3 2730.0 5071.5 8
5 3706.5 3675.0 8
1 808.5 3045.0 9
2 609.0 3948.0 9
3 2730.0 5523.0 9
5 4147.5 4116.0 9
1 682.5 3559.5 10
2 546.0 4567.5 10
3 2761.5 6037.5 10
5 4546.5 4420.5 10
1 630.0 4336.5 11
2 672.0 5229.0 11
5 4809.0 4788.0 11
1 840.0 4872.0 12
2 1690.5 4651.5 12
5 4977.0 5092.5 12
1 1564.5 5281.5 13
2 2898.0 4956.0 13
5 5344.5 5386.5 13
1 2142.0 5323.5 14
2 3811.5 5754.0 14
1 3192.0 5365.5 15
2 4819.5 5743.5 15
1 4389.0 5428.5 16
2 4620.0 5103.0 16
1 5061.0 5218.5 17
2 4609.5 4851.0 17
1 5218.5 4357.5 18
2 4777.5 4399.5 18
1 5208.0 3696.0 19
2 5334.0 3234.0 19
1 5124.0 2982.0 20
2 5019.0 2677.5 20
1 5124.0 2226.0 21
2 5460.0 2163.0 21
1 5124.0 1753.5 22
2 5775.0 1207.5 22
2 5481.0 703.5 23
1 4798.5 1018.5 1
2 1155.0 787.5 1
3 2992.5 2635.5 1
4 5712.0 714.0 1
5 399.0 598.5 1
1 4021.5 1018.5 2
2 1585.5 1123.5 2
3 2940.0 3003.0 2
4 5817.0 1522.5 2
5 882.0 966.0 2
1 3370.5 1008.0 3
2 2079.0 1375.5 3
3 2940.0 3265.5 3
4 5817.0 2068.5 3
5 1365.0 1260.0 3
1 2656.5 1008.0 4
2 2184.0 1732.5 4
3 3234.0 3727.5 4
4 5533.5 2425.5 4
5 2488.5 2037.0 4
1 2079.0 1102.5 5
2 2341.5 2100.0 5
3 3517.5 4095.0 5
4 5439.0 2709.0 5
5 2625.0 2415.0 5
1 1533.0 1302.0 6
2 1680.0 2299.5 6
3 3076.5 4284.0 6
4 5397.0 3150.0 6
5 3034.5 2572.5 6
1 1071.0 1606.5 7
2 766.5 2226.0 7
3 2793.0 4536.0 7
4 5313.0 3486.0 7
5 3391.5 3045.0 7
1 798.0 2184.0 8
2 388.5 2824.5 8
3 2730.0 5071.5 8
5 3706.5 3675.0 8
1 808.5 3045.0 9
2 609.0 3948.0 9
3 2730.0 5523.0 9
5 4147.5 4116.0 9
1 682.5 3559.5 10
2 546.0 4567.5 10
3 2761.5 6037.5 10
5 4546.5 4420.5 10
1 630.0 4336.5 11
2 672.0 5229.0 11
5 4809.0 4788.0 11
1 840.0 4872.0 12
2 1690.5 4651.5 12
5 4977.0 5092.5 12
1 1564.5 5281.5 13
2 2898.0 4956.0 13
5 5344.5 5386.5 13
1 2142.0 5323.5 14
2 3811.5 5754.0 14
1 3192.0 5365.5 15
2 4819.5 5743.5 15
1 4389.0 5428.5 16
2 4620.0 5103.0 16
1 5061.0 5218.5 17
2 4609.5 4851.0 17
1 5218.5 4357.5 18
2 4777.5 4399.5 18
1 5208.0 3696.0 19
2 5334.0 3234.0 19
1 5124.0 2982.0 20
2 5019.0 2677.5 20
1 5124.0 2226.0 21
2 5460.0 2163.0 21
1 5124.0 1753.5 22
2 5775.0 1207.5 22
2 5481.0 703.5 23
1 4798.5 1018.5 1
2 1155.0 787.5 1
3 2992.5 2635.5 1
4 5712.0 714.0 1
5 399.0 598.5 1
1 4021.5 1018.5 2
2 1585.5 1123.5 2
3 2940.0 3003.0 2
4 5817.0 1522.5 2
5 882.0 966.0 2
1 3370.5 1008.0 3
2 2079.0 1375.5 3
3 2940.0 3265.5 3
4 5817.0 2068.5 3
5 1365.0 1260.0 3
1 2656.5 1008.0 4
2 2184.0 1732.5 4
3 3234.0 3727.5 4
4 5533.5 2425.5 4
5 2488.5 2037.0 4
1 2079.0 1102.5 5
2 2341.5 2100.0 5
3 3517.5 4095.0 5
4 5439.0 2709.0 5
5 2625.0 2415.0 5
1 1533.0 1302.0 6
2 1680.0 2299.5 6
3 3076.5 4284.0 6
4 5397.0 3150.0 6
5 3034.5 2572.5 6
1 1071.0 1606.5 7
2 766.5 2226.0 7
3 2793.0 4536.0 7
4 5313.0 3486.0 7
5 3391.5 3045.0 7
1 798.0 2184.0 8
2 388.5 2824.5 8
3 2730.0 5071.5 8
5 3706.5 3675.0 8
1 808.5 3045.0 9
2 609.0 3948.0 9
3 2730.0 5523.0 9
5 4147.5 4116.0 9
1 682.5 3559.5 10
2 546.0 4567.5 10
3 2761.5 6037.5 10
5 4546.5 4420.5 10
1 630.0 4336.5 11
2 672.0 5229.0 11
5 4809.0 4788.0 11
1 840.0 4872.0 12
2 1690.5 4651.5 12
5 4977.0 5092.5 12
1 1564.5 5281.5 13
2 2898.0 4956.0 13
5 5344.5 5386.5 13
1 2142.0 5323.5 14
2 3811.5 5754.0 14
1 3192.0 5365.5 15
2 4819.5 5743.5 15
1 4389.0 5428.5 16
2 4620.0 5103.0 16
1 5061.0 5218.5 17
2 4609.5 4851.0 17
1 5218.5 4357.5 18
2 4777.5 4399.5 18
1 5208.0 3696.0 19
2 5334.0 3234.0 19
1 5124.0 2982.0 20
2 5019.0 2677.5 20
1 5124.0 2226.0 21
2 5460.0 2163.0 21
1 5124.0 1753.5 22
2 5775.0 1207.5 22
2 5481.0 703.5 23
1 4798.5 1018.5 1
2 1155.0 787.5 1
3 2992.5 2635.5 1
4 5712.0 714.0 1
5 399.0 598.5 1
1 4021.5 1018.5 2
2 1585.5 1123.5 2
3 2940.0 3003.0 2
4 5817.0 1522.5 2
5 882.0 966.0 2
1 3370.5 1008.0 3
2 2079.0 1375.5 3
3 2940.0 3265.5 3
4 5817.0 2068.5 3
5 1365.0 1260.0 3
1 2656.5 1008.0 4
2 2184.0 1732.5 4
3 3234.0 3727.5 4
4 5533.5 2425.5 4
5 2488.5 2037.0 4
1 2079.0 1102.5 5
2 2341.5 2100.0 5
3 3517.5 4095.0 5
4 5439.0 2709.0 5
5 2625.0 2415.0 5
1 1533.0 1302.0 6
2 1680.0 2299.5 6
3 3076.5 4284.0 6
4 5397.0 3150.0 6
5 3034.5 2572.5 6
1 1071.0 1606.5 7
2 766.5 2226.0 7
3 2793.0 4536.0 7
4 5313.0 3486.0 7
5 3391.5 3045.0 7
1 798.0 2184.0 8
2 388.5 2824.5 8
3 2730.0 5071.5 8
5 3706.5 3675.0 8
1 808.5 3045.0 9
2 609.0 3948.0 9
3 2730.0 5523.0 9
5 4147.5 4116.0 9
1 682.5 3559.5 10
2 546.0 4567.5 10
3 2761.5 6037.5 10
5 4546.5 4420.5 10
1 630.0 4336.5 11
2 672.0 5229.0 11
5 4809.0 4788.0 11
1 840.0 4872.0 12
2 1690.5 4651.5 12
5 4977.0 5092.5 12
1 1564.5 5281.5 13
2 2898.0 4956.0 13
5 5344.5 5386.5 13
1 2142.0 5323.5 14
2 3811.5 5754.0 14
1 3192.0 5365.5 15
2 4819.5 5743.5 15
1 4389.0 5428.5 16
2 4620.0 5103.0 16
1 5061.0 5218.5 17
2 4609.5 4851.0 17
1 5218.5 4357.5 18
2 4777.5 4399.5 18
1 5208.0 3696.0 19
2 5334.0 3234.0 19
1 5124.0 2982.0 20
2 5019.0 2677.5 20
1 5124.0 2226.0 21
2 5460.0 2163.0 21
1 5124.0 1753.5 22
2 5775.0 1207.5 22
2 5481.0 703.5 23
1 4798.5 1018.5 1
2 1155.0 787.5 1
3 2992.5 2635.5 1
4 5712.0 714.0 1
5 399.0 598.5 1
1 4021.5 1018.5 2
2 1585.5 1123.5 2
3 2940.0 3003.0 2
4 5817.0 1522.5 2
5 882.0 966.0 2
1 3370.5 1008.0 3
2 2079.0 1375.5 3
3 2940.0 3265.5 3
4 5817.0 2068.5 3
5 1365.0 1260.0 3
1 2656.5 1008.0 4
2 2184.0 1732.5 4
3 3234.0 3727.5 4
4 5533.5 2425.5 4
5 2488.5 2037.0 4
1 2079.0 1102.5 5
2 2341.5 2100.0 5
3 3517.5 4095.0 5
4 5439.0 2709.0 5
5 2625.0 2415.0 5
1 1533.0 1302.0 6
2 1680.0 2299.5 6
3 3076.5 4284.0 6
4 5397.0 3150.0 6
5 3034.5 2572.5 6
1 1071.0 1606.5 7
2 766.5 2226.0 7
3 2793.0 4536.0 7
4 5313.0 3486.0 7
5 3391.5 3045.0 7
1 798.0 2184.0 8
2 388.5 2824.5 8
3 2730.0 5071.5 8
5 3706.5 3675.0 8
1 808.5 3045.0 9
2 609.0 3948.0 9
3 2730.0 5523.0 9
5 4147.5 4116.0 9
1 682.5 3559.5 10
2 546.0 4567.5 10
3 2761.5 6037.5 10
5 4546.5 4420.5 10
1 630.0 4336.5 11
2 672.0 5229.0 11
5 4809.0 4788.0 11
1 840.0 4872.0 12
2 1690.5 4651.5 12
5 4977.0 5092.5 12
1 1564.5 5281.5 13
2 2898.0 4956.0 13
5 5344.5 5386.5 13
1 2142.0 5323.5 14
2 3811.5 5754.0 14
1 3192.0 5365.5 15
2 4819.5 5743.5 15
1 4389.0 5428.5 16
2 4620.0 5103.0 16
1 5061.0 5218.5 17
2 4609.5 4851.0 17
1 5218.5 4357.5 18
2 4777.5 4399.5 18
1 5208.0 3696.0 19
2 5334.0 3234.0 19
1 5124.0 2982.0 20
2 5019.0 2677.5 20
1 5124.0 2226.0 21
2 5460.0 2163.0 21
1 5124.0 1753.5 22
2 5775.0 1207.5 22
2 5481.0 703.5 23
1 4798.5 1018.5 1
2 1155.0 787.5 1
3 2992.5 2635.5 1
4 5712.0 714.0 1
5 399.0 598.5 1
1 4021.5 1018.5 2
2 1585.5 1123.5 2
3 2940.0 3003.0 2
4 5817.0 1522.5 2
5 882.0 966.0 2
1 3370.5 1008.0 3
2 2079.0 1375.5 3
3 2940.0 3265.5 3
4 5817.0 2068.5 3
5 1365.0 1260.0 3
1 2656.5 1008.0 4
2 2184.0 1732.5 4
3 3234.0 3727.5 4
4 5533.5 2425.5 4
5 2488.5 2037.0 4
1 2079.0 1102.5 5
2 2341.5 2100.0 5
3 3517.5 4095.0 5
4 5439.0 2709.0 5
5 2625.0 2415.0 5
1 1533.0 1302.0 6
2 1680.0 2299.5 6
3 3076.5 4284.0 6
4 5397.0 3150.0 6
5 3034.5 2572.5 6
1 1071.0 1606.5 7
2 766.5 2226.0 7
3 2793.0 4536.0 7
4 5313.0 3486.0 7
5 3391.5 3045.0 7
1 798.0 2184.0 8
2 388.5 2824.5 8
3 2730.0 5071.5 8
5 3706.5 3675.0 8
1 808.5 3045.0 9
2 609.0 3948.0 9
3 2730.0 5523.0 9
5 4147.5 4116.0 9
1 682.5 3559.5 10
2 546.0 4567.5 10
3 2761.5 6037.5 10
5 4546.5 4420.5 10
1 630.0 4336.5 11
2 672.0 5229.0 11
5 4809.0 4788.0 11
1 840.0 4872.0 12
2 1690.5 4651.5 12
5 4977.0 5092.5 12
1 1564.5 5281.5 13
2 2898.0 4956.0 13
5 5344.5 5386.5 13
1 2142.0 5323.5 14
2 3811.5 5754.0 14
1 3192.0 5365.5 15
2 4819.5 5743.5 15
1 4389.0 5428.5 16
2 4620.0 5103.0 16
1 5061.0 5218.5 17
2 4609.5 4851.0 17
1 5218.5 4357.5 18
2 4777.5 4399.5 18
1 5208.0 3696.0 19
2 5334.0 3234.0 19
1 5124.0 2982.0 20
2 5019.0 2677.5 20
1 5124.0 2226.0 21
2 5460.0 2163.0 21
1 5124.0 1753.5 22
2 5775.0 1207.5 22
2 5481.0 703.5 23
1 4798.5 1018.5 1
2 1155.0 787.5 1
3 2992.5 2635.5 1
4 5712.0 714.0 1
5 399.0 598.5 1
1 4021.5 1018.5 2
2 1585.5 1123.5 2
3 2940.0 3003.0 2
4 5817.0 1522.5 2
5 882.0 966.0 2
1 3370.5 1008.0 3
2 2079.0 1375.5 3
3 2940.0 3265.5 3
4 5817.0 2068.5 3
5 1365.0 1260.0 3
1 2656.5 1008.0 4
2 2184.0 1732.5 4
3 3234.0 3727.5 4
4 5533.5 2425.5 4
5 2488.5 2037.0 4
1 2079.0 1102.5 5
2 2341.5 2100.0 5
3 3517.5 4095.0 5
4 5439.0 2709.0 5
5 2625.0 2415.0 5
1 1533.0 1302.0 6
2 1680.0 2299.5 6
3 3076.5 4284.0 6
4 5397.0 3150.0 6
5 3034.5 2572.5 6
1 1071.0 1606.5 7
2 766.5 2226.0 7
3 2793.0 4536.0 7
4 5313.0 3486.0 7
5 3391.5 3045.0 7
1 798.0 2184.0 8
2 388.5 2824.5 8
3 2730.0 5071.5 8
5 3706.5 3675.0 8
1 808.5 3045.0 9
2 609.0 3948.0 9
3 2730.0 5523.0 9
5 4147.5 4116.0 9
1 682.5 3559.5 10
2 546.0 4567.5 10
3 2761.5 6037.5 10
5 4546.5 4420.5 10
1 630.0 4336.5 11
2 672.0 5229.0 11
5 4809.0 4788.0 11
1 840.0 4872.0 12
2 1690.5 4651.5 12
5 4977.0 5092.5 12
1 1564.5 5281.5 13
2 2898.0 4956.0 13
5 5344.5 5386.5 13
1 2142.0 5323.5 14
2 3811.5 5754.0 14
1 3192.0 5365.5 15
2 4819.5 5743.5 15
1 4389.0 5428.5 16
2 4620.0 5103.0 16
1 5061.0 5218.5 17
2 4609.5 4851.0 17
1 5218.5 4357.5 18
2 4777.5 4399.5 18
1 5208.0 3696.0 19
2 5334.0 3234.0 19
1 5124.0 2982.0 20
2 5019.0 2677.5 20
1 5124.0 2226.0 21
2 5460.0 2163.0 21
1 5124.0 1753.5 22
2 5775.0 1207.5 22
2 5481.0 703.5 23
1 4798.5 1018.5 1
2 1155.0 787.5 1
3 2992.5 2635.5 1
4 5712.0 714.0 1
5 399.0 598.5 1
1 4021.5 1018.5 2
2 1585.5 1123.5 2
3 2940.0 3003.0 2
4 5817.0 1522.5 2
5 882.0 966.0 2
1 3370.5 1008.0 3
2 2079.0 1375.5 3
3 2940.0 3265.5 3
4 5817.0 2068.5 3
5 1365.0 1260.0 3
1 2656.5 1008.0 4
2 2184.0 1732.5 4
3 3234.0 3727.5 4
4 5533.5 2425.5 4
5 2488.5 2037.0 4
1 2079.0 1102.5 5
2 2341.5 2100.0 5
3 3517.5 4095.0 5
4 5439.0 2709.0 5
5 2625.0 2415.0 5
1 1533.0 1302.0 6
2 1680.0 2299.5 6
3 3076.5 4284.0 6
4 5397.0 3150.0 6
5 3034.5 2572.5 6
1 1071.0 1606.5 7
2 766.5 2226.0 7
3 2793.0 4536.0 7
4 5313.0 3486.0 7
5 3391.5 3045.0 7
1 798.0 2184.0 8
2 388.5 2824.5 8
3 2730.0 5071.5 8
5 3706.5 3675.0 8
1 808.5 3045.0 9
2 609.0 3948.0 9
3 2730.0 5523.0 9
5 4147.5 4116.0 9
1 682.5 3559.5 10
2 546.0 4567.5 10
3 2761.5 6037.5 10
5 4546.5 4420.5 10
1 630.0 4336.5 11
2 672.0 5229.0 11
5 4809.0 4788.0 11
1 840.0 4872.0 12
2 1690.5 4651.5 12
5 4977.0 5092.5 12
1 1564.5 5281.5 13
2 2898.0 4956.0 13
5 5344.5 5386.5 13
1 2142.0 5323.5 14
2 3811.5 5754.0 14
1 3192.0 5365.5 15
2 4819.5 5743.5 15
1 4389.0 5428.5 16
2 4620.0 5103.0 16
1 5061.0 5218.5 17
2 4609.5 4851.0 17
1 5218.5 4357.5 18
2 4777.5 4399.5 18
1 5208.0 3696.0 19
2 5334.0 3234.0 19
1 5124.0 2982.0 20
2 5019.0 2677.5 20
1 5124.0 2226.0 21
2 5460.0 2163.0 21
1 5124.0 1753.5 22
2 5775.0 1207.5 22
2 5481.0 703.5 23 